# Graph Templates
# Format: Graph_Name, ...(data values for the graph)...
# Note that Graph_Name must not contain comma

Default Graph,10,215,35,305,90,340,175,285,175,215, 90, 240, 175, 185, 175, 115, 90, 130, 175, 75, 175, 0, 1, 1, 1, 2, 1, 1, 3, 1, 0, 4, 1, 4, 5, 1, 4, 6, 1, 0, 7, 1, 7, 8, 1, 7, 9, 1

Empty Graph,0

Graph 1, 11, 217, 11, 252, 54, 175, 55, 162, 120, 100, 167, 217, 167, 100, 11, 15, 73, 67, 73, 68, 125, 15, 125, 0, 5, 1, 0, 1, 1, 0, 2, 1, 0, 6, 1, 4, 6, 1, 4, 5, 1, 3, 4, 1, 3, 5, 1, 8, 7, 1, 10, 7, 1, 9, 7, 1, 10, 9, 1

Graph 2, 8, 190, 20, 135, 20, 240, 110, 85, 60, 190, 155, 85, 110, 135, 155, 240, 60, 0, 7, 1, 5, 3, 1, 6, 5, 1, 6, 4, 1, 7, 2, 1, 2, 4, 1, 0, 1, 1, 1, 3, 1, 2, 5, 1, 3, 3, 1

Graph 3, 17, 169, 112, 169, 42, 169, 2, 120, 42, 240, 156, 92, 112, 240, 69, 169, 180, 92, 62, 92, 161, 240, 112, 124, 180, 215, 180, 215, 42, 289, 112, 171, 223, 46, 112, 0, 10, 1, 0, 1, 1, 1, 3, 1, 1, 2, 1, 1, 13, 1, 6, 10, 1, 10, 14, 1, 10, 4, 1, 0, 7, 1, 7, 11, 1, 7, 12, 1, 7, 15, 1, 0, 5, 1, 5, 8, 1, 5, 9, 1, 5, 16, 1

