# Graph Templates
# Format: Graph_Name, ... data...
# Note: no comma is graph name

Default Graph, 10, 135, 35, 230, 90, 290, 175, 225, 175, 135, 90, 165, 175, 110, 175, 29, 90, 45, 175, -5, 175, 0, 1, 8, 1, 2, 6, 1, 3, 5, 0, 4, 8, 4, 5, 4, 4, 6, 3, 0, 7, 10, 7, 8, 13, 7, 9, 9, 4, 7, 9, 4, 1, 12, 9, 8, 7, 8, 6, 12, 6, 5, 9, 5, 3, 7, 3, 2, 12

Empty Graph, 0

Graph 1, 11, 217, 11, 252, 54, 175, 55, 162, 120, 100, 167, 217, 167, 100, 11, 15, 73, 67, 73, 68, 125, 15, 125, 0, 5, 3, 0, 1, 7, 0, 2, 5, 0, 6, 8, 4, 6, 9, 4, 5, 6, 3, 4, 3, 3, 5, 9, 8, 7, 11, 10, 7, 4, 9, 7, 8, 10, 9, 6, 6, 8, 5, 9, 4, 12

Graph 2,12, 195, 15, 130, 15, 240, 105, 85, 65, 195, 155, 85, 105, 130, 155, 240, 65, 130, 65, 195, 65, 130, 105, 195, 105, 0, 7, 7, 5, 3, 4, 6, 5, 6, 6, 4, 7, 7, 2, 3, 2, 4, 9, 0, 1, 9, 1, 3, 8, 1, 8, 9, 8, 9, 4, 0, 9, 3, 8, 3, 7, 8, 10, 2, 10, 5, 8, 10, 11, 10, 9, 11, 8, 9, 7, 5, 11, 2, 6, 10, 6, 3, 11, 4, 9

Graph 3,17, 170, 110, 170, 70, 170, 25, 230, 155, 110, 110, 230, 70, 170, 155, 110, 70, 110, 155, 230, 110, 290, 110, 170, 205, 50, 110, 50, 25, 290, 25, 290, 205, 50, 205, 0, 9, 3, 0, 1, 4, 1, 2, 7, 5, 9, 5, 9, 10, 3, 9, 3, 2, 0, 6, 8, 6, 11, 4, 0, 4, 6, 4, 7, 3, 4, 8, 7, 4, 12, 10, 1, 7, 7, 1, 5, 6, 8, 6, 9, 6, 3, 14, 10, 15, 8, 11, 15, 5, 11, 16, 12, 12, 16, 13, 2, 13, 2, 13, 12, 5, 2, 14, 9, 14, 10, 10

Graph 4,13,43,7,89,56,144,56,89,117,144,117,43,196,230,39,281,19,346,19,288,107,346,107,288, 196,361,196,0,1,3,1,2,6,3,4,3,1,4,6,2,4,4,1,3,6,0,5,7,3,5,8,4,5,11,4,6,2,0,6,8,6,7,3,7,8,7,8,10, 3,9,10,10,6,9,7,9,12,9,9,11,2,11,12,13,5,11,15,4,11,8,6,11,9
